2,1.0,0.6666666666666666
2,1.0,0.6666666666666666
2,1.0,0.5
2,1.0,0.5
2,1.0,0.0
2,1.0,0.0
2,1.0,0.6666666666666666
2,1.0,0.6666666666666666
2,1.0,0.5
2,1.0,0.5
2,1.0,0.0
2,1.0,0.0
2,1.0,0.3333333333333333
2,1.0,0.6666666666666666
2,1.0,0.5
2,1.0,0.0
2,1.0,0.6666666666666666
2,1.0,0.3333333333333333
2,1.0,0.5
2,1.0,0.0
2,1.0,0.3333333333333333
2,1.0,0.6666666666666666
2,1.0,0.5
2,1.0,0.0
2,1.0,0.6666666666666666
2,1.0,0.5
2,1.0,0.0
2,1.0,0.3333333333333333
2,1.0,0.6666666666666666
2,1.0,0.5
2,1.0,0.0
2,1.0,0.3333333333333333
2,1.0,0.6666666666666666
2,1.0,0.5
2,1.0,0.0
2,1.0,0.3333333333333333
2,1.0,0.0
2,1.0,0.5
2,1.0,0.0
2,1.0,0.3333333333333333
2,1.0,0.0
2,1.0,0.5
2,1.0,0.0
2,1.0,0.0
2,1.0,0.3333333333333333
2,1.0,0.5
2,1.0,0.0
2,1.0,0.0
2,1.0,0.3333333333333333
2,1.0,0.5
2,1.0,0.0
2,1.0,0.0
2,1.0,0.3333333333333333
2,1.0,0.5
2,1.0,0.0
2,1.0,0.0
2,1.0,0.3333333333333333
2,1.0,0.5
2,1.0,0.0
2,1.0,0.3333333333333333
2,1.0,0.0
2,1.0,0.5
2,1.0,0.0
2,1.0,0.3333333333333333
2,1.0,0.0
2,1.0,0.3333333333333333
2,1.0,0.0
2,1.0,0.0
2,1.0,0.3333333333333333
2,1.0,0.3333333333333333
2,1.0,0.0
2,1.0,0.0
2,1.0,0.0
2,1.0,0.0
2,1.0,0.0
2,1.0,0.0
